TMT_128N:128.128116
TMT_128C:128.134436
TMT_129N:129.131471
TMT_129C:129.13779
TMT_130N:130.134825
TMT_130C:130.141145
TMT_131N:131.13818
TMT_131C:131.1445
TMT_132N:132.141535
TMT_132C:132.147855
TMT_133N:133.14489
TMT_133C:133.15121
TMT_134N:134.148245
TMT_134C:134.154565
TMT_135N:135.1516

